2020-05-13 15:55:57,923 INFO  [http-nio-8085-exec-9] gr.dcu.europeana.arch.service.MappingService: #Total: 839, #WO Mapping: 0, #Unkmown: 454
300410475
300054713
300054710
300065284
300056390
300379967
300379773
300387269
300008400
300000874
300404837
300387502
300071272
300412063
300387304
300022798
300022798
300417708
300008635
300391151
300417707
300417656
300226220
300054681
300028048
300379385
300000857
300007037
300007037
300379987
300379987
300404202
300263886
300240142
300128366
300128374
300128374
300128347
300128359
300053580
300014224
300128357
300127344
300128343
300014109
300014157
300014159
300181912
300014161
300028484
300028484
300226800
300008635
300008017
300266883
300004498
300006080
300002088
300004294
300001324
300002704
300264605
300000953
300053087
300055241
300015132
300068986
300008601
300006122
300432673
300404854
300008295
300426925
300025313
300390525
300424383
300002495
300002916
300002563
300411504
300052201
300007023
300132410
300022798
300022798
300430673
300427425
300424940
300023137
300000821
300417352
300000821
300006425
300387704
300428241
300387704
300008022
300424383
300022798
300387704
300054687
300054687
300265198
300250476
300008601
300400513
300379012
300192802
300054608
300438514
300054315
300138822
300251929
300054717
300054715
300379411
300265765
300251771
300251618
300054548
300054543
300054546
300081685
300247011
300251771
300251929
300054552
300054419
300251856
300251145
300258961
300054557
300379416
300053742
300226182
300179535
300198725
300379378
300224276
300400513
300249323
300163933
300191781
300003146
300076641
300041620
300423942
300191781
300191778
300266510
300375171
300262564
300191893
300400467
300036427
300014671
300014669
300037206
300037058
300037038
300037000
300036999
300037048
300036923
300037019
300201648
300197059
300037086
300036976
300037091
300191324
300045667
300248067
300249766
300194765
300195349
300042983
300045712
300198880
300432482
300263933
300024814
300024823
300024744
300024101
300024371
300023119
300024300
300024491
300024854
300024671
300024809
300024665
300024664
300233317
300264860
300024836
300429537
300248042
300200181
300023299
300236438
300024665
300433081
300236397
300024789
300251159
300266523
300043149
300247551
300024668
300023459
300024749
300265738
300022718
300022483
300024663
300387427
300137865
300152583
300421990
300015351
300011691
300011172
300239261
300423336
300429888
300045998
300262745
300379261
300262831
300189226
300027249
300261080
300024400
300212971
300255573
300248085
300391177
300239261
300433337
300198733
300239260
300209303
300239507
300225937
300010463
300250799
300033565
300433946
300171585
300001874
300209746
300014922
300014720
300430511
300010713
300012825
300010699
300033407
300211101
300428645
300438514
300054715
300054546
300251929
300251145
300054557
300054717
300379414
300423942
300387427
300189226
300428645
300312038
300417379
300417379
300028459
300128371
300263886
300404383
300010534
300053688
300015334
300011914
300001484
300164026
300125479
300404382
300013026
300010957
300133748
300012991
300011914
300011098
300012934
300201964
300263933
300011700
300235507
300010668
300010672
300010662
300387395
300011800
300011798
300191781
300011014
300011860
300011845
300014741
300163933
300011020
300010946
300011902
300011022
300014922
300014109
300011796
300011868
300011827
300310135
300014570
300011888
300012882
300011826
300011829
300011857
300417382
300011029
300380558
300231565
300015149
300011740
300011801
300011021
300011855
300011855
300011855
300011002
300013026
300010957
300133748
300012991
300011914
300011098
300012934
300201964
300263933
300011700
300235507
300010668
300010672
300010662
300387395
300011800
300011798
300191781
300011014
300011860
300011845
300014741
300163933
300011020
300010946
300011902
300011022
300014922
300014109
300011796
300011868
300011827
300310135
300014570
300011888
300012882
300213002
300011826
300011829
300011857
300417382
300011029
300380558
300231565
300015149
300011740
300011801
300011021
300011855
300011855
300011855
300011002
300400513
300079719
300226220
300077121
300077121
300379429
300024507
300077121
300077463
300008022
300379429
300404594
300379012
300077463
300404159
300008022
300387244
300027323
300266009
300027268
300263751
300423942
300054544
300054548
300263888
300077463
300215281
300127322
300034121
300034122
300034122
300379012
300060417
300048715
300048715
300048715
300256200
300007031
300226220
300065252
300056279
300387575
300379376
300054687
300079719
300077121
300079719
300379429
300008022
300379429
300379429
300008022
300008022
300054789
300080094
300077463
300417277
300226800
300190695
300021033
300190695
300374824